111111111111111111111111111111111111111111111111111111111111111111111111111111111111111111111111111111111111111111111111111111111111111111111111111111111111111111111111111111111111111111111111111111111111111111111111111111111111111111111111111111111111111111111111111111111111111111111111
111111111000011000111111111000011000111111111000011000111111111111111111111111111111111111111111111111111111111111111111111111111111111111111111111111111111111111111111111111111111111111111111111111111111111111111111111111111111111111000011000111111111000011000111111111000011000111111111
111111111000011000000011000000011000000011000000011000000011000111111111111111111111111111000011000000011000000011000111111111111111111111111111111111111111111111111111111000011000000011000000011000111111111111111111111111111000011000000011000000011000000011000000011000000011000111111111
111111111000011000000011000000011000000011000000011000000011000111111111111111111000011000111111000111111000111111000000011000000011000000011000000011000000011000000011000111111000111111000111111000000011000111111111111111111000011000000011000000011000000011000000011000000011000111111111
111111111000011000000100000000100000000011000000011000111111111111111111000011000000011000000100000000100000000100000000011000000100000000100000000100000000100000000011000000100000000100000000100000000011000000011000111111111111111111000011000000011000000100000000100000000011000111111111
111111111111111111000011000000100000000011000111111111111111111000011000000011000000100000000100000001100001001100001001100001001100001001100001001100001001100001001100001001100001001100001000100000000100000000011000000011000111111111111111111000011000000100000000011000111111111111111111
111111111111111111000011000000100000000011000000011000111111111000011000000100000000100000001100001001100001001100001001100001001100001001100001001100001001100001001100001001100001001100001001100001000100000000100000000011000111111111000011000000011000000100000000011000111111111111111111
111111111111111111000011000000100000000011000000011000111111111000011000000100000001100001001100001001100001001100001001100001001100001001100001001100001001100001001100001001100001001100001001100001001100001000100000000011000111111111000011000000011000000100000000011000111111111111111111
111111111111111111000011000000100000000011000000011000000011000000011000000100000001100001001100001001100001001100001001100001001100001001100001001100001001100001001100001001100001001100001001100001001100001000100000000011000000011000000011000000011000000100000000011000111111111111111111
111111111111111111000011000000100000000100000000011000000011000000011000000100000001100001001100001001100001001100001001100001001100001001100001001100001001100001001100001001100001001100001001100001001100001000100000000011000000011000000011000000100000000100000000011000111111111111111111
111111111111111111000011000000100000000011000000011000000011000000011000000100000001100001001100001001100001001100001001100001001100001001100001001100001001100001001100001001100001001100001001100001001100001000100000000011000000011000000011000000011000000100000000011000111111111111111111
111111111111111111000011000000100000000011000000011000000011000000011000000100000000100000001100001001100001001100001001100001001100001001100001001100001001100001001100001001100001001100001001100001000100000000100000000011000000011000000011000000011000000100000000011000111111111111111111
111111111111111111111111111000011000000011000000011000000011000000011000000100000000100000001100001001100001001100001001100001001100001001100001001100001001100001001100001001100001001100001001100001000100000000100000000011000000011000000011000000011000000011000111111111111111111111111111
111111111111111111111111111111111111111111111000011000000011000000011000000011000000100000000100000000100000001100001001100001001100001001100001001100001001100001001100001001100001000100000000100000000100000000011000000011000000011000000011000111111111111111111111111111111111111111111111
111111111111111111111111111111111111111111111000011000000011000000100000000011000000100000000100000000100000000100000000100000000100000000100000000100000000100000000100000000100000000100000000100000000100000000011000000100000000011000000011000111111111111111111111111111111111111111111111
111111111111111111111111111111111111111111111111111111000011000000100000000100000000100000000100000000100000000100000000100000000100000000100000000100000000100000000100000000100000000100000000100000000100000000100000000100000000011000111111111111111111111111111111111111111111111111111111
111111111111111111111111111111111111111111111111111111000011000000011000000100000000100000000100000000100000000100000000100000000100000000100000000100000000100000000100000000100000000100000000100000000100000000100000000011000000011000111111111111111111111111111111111111111111111111111111
111111111111111111111111111111111111111111111111111111000011000000011000000100000000100000000100000000100000000100000000100000000100000000100000000100000000100000000100000000100000000100000000100000000100000000100000000011000000011000111111111111111111111111111111111111111111111111111111
111111111111111111111111111111111111000011000000011000000011000000011000000011000000100000000100000000100000000100000000100000000100000000100000000100000000100000000100000000100000000100000000100000000100000000011000000011000000011000000011000000011000111111111111111111111111111111111111
111111111111111111111111111000011000000100000000100000000100000000011000000011000000100000000100000000100000000100000000100000000100000000100000000100000000100000000100000000100000000100000000100000000100000000011000000011000000100000000100000000100000000011000111111111111111111111111111
111111111111111111000011000000100000000100000001100001001100001000100000000011000000100000000100000000100000000100000000100000000100000000100000000100000000100000000100000000100000000100000000100000000100000000011000000100000001100001001100001000100000000100000000011000111111111111111111
111111111111111111000011000000100000001100001001100001001100001001100001000100000000011000000100000000100000000100000000100000000100000000100000000100000000100000000100000000100000000100000000100000000011000000100000001100001001100001001100001001100001000100000000011000111111111111111111
111111111111111111000011000000100000000100000001100001001100001001100001001100001000100000000011000000100000000100000000100000000100000000100000000100000000100000000100000000100000000100000000011000000100000001100001001100001001100001001100001000100000000100000000011000111111111111111111
111111111111111111111111111000011000000100000000100000000100000000100000001100001001100001000100000000100000000100000000100000000100000000100000000100000000100000000100000000100000000100000000100000001100001001100001000100000000100000000100000000100000000011000111111111111111111111111111
111111111111111111111111111000011000000100000001100001000100000000011000000100000001100001001100001000100000000100000000100000000100000000100000000100000000100000000100000000100000000100000001100001001100001000100000000011000000100000001100001000100000000011000111111111111111111111111111
111111111000011000000011000000011000000011000000100000000100000000100000000011000000100000000100000000100000000100000000100000000100000000100000000100000000100000000100000000100000000100000000100000000100000000011000000100000000100000000100000000011000000011000000011000000011000111111111
000011000000100000000100000000100000000100000000011000000100000001100001000100000000011000000100000000100000000100000000100000000100000000100000000100000000100000000100000000100000000100000000100000000011000000100000001100001000100000000011000000100000000100000000100000000100000000011000
111111111000011000000011000000100000000100000000011000000100000001100001001100001000100000000011000000100000000100000000100000000100000000100000000100000000100000000100000000100000000100000000011000000100000001100001001100001000100000000011000000100000000100000000011000000011000111111111
000011000000100000000100000000100000001100001000100000000011000001100001000100000000100000000100000000011000000100000000100000000100000000100000000100000000100000000100000000100000000011000000100000000100000000100000001100001000011000000100000001100001000100000000100000000100000000011000
111111111000011000000011000000100000001100001001100001000100000000100000001100001001100001000100000000011000000011000000100000000100000000100000000100000000100000000100000000011000000011000000100000001100001001100001000100000000100000001100001001100001000100000000011000000011000111111111
000011000000100000000100000000100000000100000000100000000100000000100000000100000000011000000011000111111111111111111000011000000011000000011000000011000000011000000011000111111111111111111000011000000011000000100000000100000000100000000100000000100000000100000000100000000100000000011000
111111111000011000000011000000011000000011000000011000000011000000011000000011000111111111111111111111111111111111111111111111111111111111111111111111111111111111111111111111111111111111111111111111111111111000011000000011000000011000000011000000011000000011000000011000000011000111111111