111101110 111101110 111101110 111101110 111101110 111101110 111101110 111101110 111101110 111101110 111101110 111101110 111101110 111101110 111101110 111101110 111101110 111101110 111101110 111101110 111101110 111101110 111101110 111101110 111101110 111101110 111101110 111101110 111101110 111101110 111101110 111101110
111101110 111101110 111101110 111101110 111101110 111101110 111101110 111101110 111101110 111101110 111101110 111101110 111101110 111101110 111101110 111101110 111101110 111101110 111101110 111101110 111101110 111101110 111101110 111101110 111101110 111101110 111101110 111101110 111101110 111101110 111101110 111101110
111101110 111101110 111101110 111101110 111101110 111101110 111101110 111101110 111101110 111101110 111101110 111101110 111101110 111101110 111101110 111101110 111101110 111101110 111101110 111101110 111101110 111101110 111101110 111101110 111101110 111101110 111101110 111101110 111101110 111101110 111101110 111101110
111101110 111101110 111101110 111101110 111101110 111101110 111101110 111101110 111101110 111101110 111101110 111101110 111101110 111101110 111101110 111101110 111101110 111101110 111101110 111101110 111101110 111101110 111101110 111101110 111101110 111101110 111101110 111101110 111101110 111101110 111101110 111101110
111101110 111101110 111101110 111101110 111101110 111101110 111101110 111101110 111101110 111101110 111101110 111101110 111101110 111101110 111101110 111101110 111101110 111101110 111101110 111101110 111101110 111101110 111101110 111101110 111101110 111101110 111101110 111101110 111101110 111101110 111101110 111101110
111101110 111101110 111101110 111101110 111101110 000000000 000000000 000000000 000000000 111101110 111101110 111101110 111101110 111101110 111101110 111101110 111101110 111101110 111101110 111101110 111101110 111101110 000000000 000000000 000000000 000000000 111101110 111101110 111101110 111101110 111101110 111101110
111101110 111101110 111101110 000000000 000000000 000000000 000000000 000000000 000000000 000000000 111101110 111101110 111101110 111101110 111101110 111101110 111101110 111101110 111101110 111101110 111101110 000000000 000000000 000000000 000000000 000000000 000000000 000000000 111101110 111101110 111101110 111101110
111101110 111101110 111101110 000000000 111000000 111000000 111000000 111000000 111000000 000000000 000000000 000000000 000000000 000000000 000000000 000000000 000000000 000000000 000000000 000000000 000000000 000000000 111000000 111000000 111000000 111000000 111000000 111000000 000000000 111101110 111101110 111101110
111101110 111101110 000000000 111000000 111000000 111000000 111000000 111000000 111000000 111000000 111000000 111000000 111000000 111000000 111000000 111000000 111000000 111000000 111000000 111000000 111000000 111000000 111000000 111000000 111000000 111000000 111000000 111000000 111000000 000000000 111101110 111101110
111101110 000000000 111000000 111000000 111111111 111111111 111000000 111000000 111000000 111000000 000000000 000000000 000000000 000000000 111000000 111000000 000000000 000000000 000000000 000000000 111000000 111000000 111000000 111000000 111000000 111000000 111000000 000000000 111000000 000000000 111101110 111101110
111101110 000000000 111000000 111111111 111111111 111000000 111000000 111000000 000000000 000000000 111000000 000000000 100100100 100100100 000000000 111000000 000000000 100100100 100100100 100100100 000000000 111000000 111000000 111000000 111000000 111000000 111000000 000000000 111000000 000000000 111101110 111101110
111101110 000000000 111000000 111111111 111000000 111000000 111000000 111000000 000000000 100100100 000000000 111000000 000000000 000000000 000000000 111000000 000000000 000000000 000000000 000000000 000000000 111000000 000000000 000000000 111000000 111000000 111000000 000000000 111000000 000000000 111101110 111101110
111101110 000000000 111000000 111000000 111000000 111000000 111000000 000000000 100100100 100100100 100100100 000000000 111000000 111000000 111000000 111000000 111000000 111000000 111000000 111000000 111000000 111000000 000000000 100100100 000000000 111000000 111000000 000000000 111000000 111000000 000000000 111101110
111101110 000000000 111000000 111000000 111000000 111000000 111000000 000000000 100100100 100100100 100100100 000000000 111000000 111000000 111000000 111000000 111000000 111000000 111000000 111000000 111000000 111000000 000000000 100100100 100100100 000000000 111000000 000000000 000000000 111000000 000000000 111101110
111101110 000000000 111111000 111111000 111111000 111111000 000000000 100100100 100100100 100100100 100100100 000000000 111000000 111000000 111000000 111000000 111000000 111000000 111000000 111000000 111000000 111000000 111000000 000000000 100100100 000000000 111111000 111111000 000000000 111111000 000000000 111101110
111101110 000000000 111000000 111000000 111000000 111000000 000000000 100100100 100100100 100100100 100100100 000000000 111000000 111000000 111000000 111000000 111000000 111000000 111000000 111000000 111000000 111000000 111000000 000000000 100100100 000000000 111000000 111000000 000000000 111000000 000000000 111101110
111101110 000000000 111000000 111000000 111000000 111000000 000000000 100100100 100100100 100100100 100100100 000000000 111000000 111000000 111000000 111000000 111000000 111000000 111000000 111000000 111000000 111000000 111000000 000000000 100100100 000000000 111000000 111000000 000000000 111000000 000000000 111101110
111101110 000000000 111111000 111111000 111111000 111111000 000000000 100100100 100100100 100100100 100100100 000000000 111000000 111000000 111000000 111000000 111000000 111000000 111000000 111000000 111000000 111000000 111000000 000000000 100100100 000000000 111111000 111111000 000000000 111111000 000000000 111101110
111101110 000000000 111000000 111000000 111000000 111000000 111000000 000000000 100100100 100100100 100100100 000000000 111000000 111000000 111000000 111000000 111000000 111000000 111000000 111000000 111000000 111000000 000000000 100100100 100100100 000000000 111000000 000000000 000000000 111000000 000000000 111101110
111101110 000000000 111000000 111000000 111000000 111000000 111000000 000000000 100100100 100100100 100100100 000000000 111000000 111000000 111000000 111000000 111000000 111000000 111000000 111000000 111000000 111000000 000000000 100100100 000000000 111000000 111000000 000000000 111000000 111000000 000000000 111101110
111101110 000000000 111000000 111111111 111000000 111000000 111000000 111000000 000000000 100100100 000000000 111000000 000000000 000000000 000000000 111000000 000000000 000000000 000000000 000000000 000000000 111000000 000000000 000000000 111000000 111000000 111000000 000000000 111000000 000000000 111101110 111101110
111101110 000000000 111000000 111111111 111111111 111000000 111000000 111000000 000000000 000000000 111000000 000000000 100100100 100100100 000000000 111000000 000000000 100100100 100100100 100100100 000000000 111000000 111000000 111000000 111000000 111000000 111000000 000000000 111000000 000000000 111101110 111101110
111101110 000000000 111000000 111000000 111111111 111111111 111000000 111000000 111000000 111000000 000000000 000000000 000000000 000000000 111000000 111000000 000000000 000000000 000000000 000000000 111000000 111000000 111000000 111000000 111000000 111000000 111000000 000000000 111000000 000000000 111101110 111101110
111101110 111101110 000000000 111000000 111000000 111000000 111000000 111000000 111000000 111000000 111000000 111000000 111000000 111000000 111000000 111000000 111000000 111000000 111000000 111000000 111000000 111000000 111000000 111000000 111000000 111000000 111000000 111000000 111000000 000000000 111101110 111101110
111101110 111101110 111101110 000000000 110000001 110000001 111000000 111000000 111000000 000000000 000000000 000000000 000000000 000000000 000000000 000000000 000000000 000000000 000000000 000000000 000000000 000000000 111000000 111000000 111000000 111000000 111000000 111000000 000000000 111101110 111101110 111101110
111101110 111101110 111101110 000000000 000000000 000000000 000000000 000000000 000000000 000000000 111101110 111101110 111101110 111101110 111101110 111101110 111101110 111101110 111101110 111101110 111101110 000000000 000000000 000000000 000000000 000000000 000000000 000000000 111101110 111101110 111101110 111101110
111101110 111101110 111101110 111101110 111101110 000000000 000000000 000000000 000000000 111101110 111101110 111101110 111101110 111101110 111101110 111101110 111101110 111101110 111101110 111101110 111101110 111101110 000000000 000000000 000000000 000000000 111101110 111101110 111101110 111101110 111101110 111101110
111101110 111101110 111101110 111101110 111101110 111101110 111101110 111101110 111101110 111101110 111101110 111101110 111101110 111101110 111101110 111101110 111101110 111101110 111101110 111101110 111101110 111101110 111101110 111101110 111101110 111101110 111101110 111101110 111101110 111101110 111101110 111101110
111101110 111101110 111101110 111101110 111101110 111101110 111101110 111101110 111101110 111101110 111101110 111101110 111101110 111101110 111101110 111101110 111101110 111101110 111101110 111101110 111101110 111101110 111101110 111101110 111101110 111101110 111101110 111101110 111101110 111101110 111101110 111101110
111101110 111101110 111101110 111101110 111101110 111101110 111101110 111101110 111101110 111101110 111101110 111101110 111101110 111101110 111101110 111101110 111101110 111101110 111101110 111101110 111101110 111101110 111101110 111101110 111101110 111101110 111101110 111101110 111101110 111101110 111101110 111101110
111101110 111101110 111101110 111101110 111101110 111101110 111101110 111101110 111101110 111101110 111101110 111101110 111101110 111101110 111101110 111101110 111101110 111101110 111101110 111101110 111101110 111101110 111101110 111101110 111101110 111101110 111101110 111101110 111101110 111101110 111101110 111101110
111101110 111101110 111101110 111101110 111101110 111101110 111101110 111101110 111101110 111101110 111101110 111101110 111101110 111101110 111101110 111101110 111101110 111101110 111101110 111101110 111101110 111101110 111101110 111101110 111101110 111101110 111101110 111101110 111101110 111101110 111101110 111101110