100111010 100111010 100111010 100111010 100111010 100111010 100111010 100111010 100111010 100111010 100111010 100111010 100111010 100111010 100111010 100111010 100111010 100111010 100111010 100111010 100111010 100111010 100111010 100111010 100111010 100111010 100111010 100111010 100111010 100111010 100111010 100111010 
100111010 100111010 100111010 100111010 100111010 100111010 100111010 100111010 100111010 100111010 100111010 100111010 100111010 100111010 100111010 100111010 100111010 100111010 100111010 100111010 100111010 100111010 100111010 100111010 100111010 100111010 100111010 100111010 100111010 100111010 100111010 100111010 
100111010 100111010 100111010 100111010 100111010 100111010 100111010 100111010 100111010 100111010 100111010 100111010 100111010 100111010 100111010 100111010 100111010 100111010 100111010 100111010 100111010 100111010 100111010 100111010 100111010 100111010 100111010 100111010 100111010 100111010 100111010 100111010 
100111010 100111010 100111010 100111010 100111010 111111111 100111010 100111010 100111010 100111010 100111010 100111010 100111010 100111010 100111010 100111010 100111010 100111010 100111010 100111010 100111010 100111010 100111010 100111010 100111010 100111010 100111010 100111010 100111010 100111010 100111010 100111010 
100111010 100111010 100111010 100111010 111111111 111111001 111111111 100111010 100111010 100111010 100111010 100111010 100111010 100111010 100111010 100111010 100111010 100111010 100111010 100111010 100111010 100111010 100111010 100111010 100111010 100111010 100111010 100111010 100111010 100111010 100111010 100111010 
100111010 100111010 100111010 100111010 100111010 111111111 100111010 100111010 100111010 100111010 100111010 100111010 100111010 100111010 100111010 100111010 100111010 100111010 100111010 100111010 100111010 100111010 100111010 100111010 100111010 100111010 100111010 100111010 100111010 100111010 100111010 100111010 
100111010 100111010 100111010 100111010 100111010 100111010 100111010 100111010 100111010 100111010 100111010 100111010 100111010 100111010 100111010 100111010 100111010 100111010 100111010 100111010 100111010 100111010 100111010 100111010 100111010 100111010 100111010 100111010 100111010 100111010 100111010 100111010 
100111010 100111010 100111010 100111010 100111010 100111010 100111010 100111010 100111010 100111010 100111010 100111010 100111010 100111010 100111010 100111010 100111010 100111010 100111010 100111010 100111010 100111010 100111010 100111010 100111010 100111010 100111010 111111111 100111010 100111010 100111010 100111010 
100111010 100111010 100111010 100111010 100111010 100111010 100111010 100111010 100111010 100111010 100111010 100111010 100111010 100111010 100111010 100111010 100111010 100111010 100111010 100111010 100111010 100111010 100111010 100111010 100111010 100111010 111111111 111111001 111111111 100111010 100111010 100111010 
100111010 100111010 100111010 100111010 100111010 100111010 100111010 100111010 100111010 100111010 100111010 100111010 100111010 100111010 111111111 100111010 100111010 100111010 100111010 100111010 100111010 100111010 100111010 100111010 100111010 100111010 100111010 111111111 100111010 100111010 100111010 100111010 
100111010 100111010 100111010 100111010 100111010 100111010 100111010 100111010 100111010 100111010 100111010 100111010 100111010 111111111 111111001 111111111 100111010 100111010 100111010 100111010 100111010 100111010 100111010 100111010 100111010 100111010 100111010 100111010 100111010 100111010 100111010 100111010 
100111010 100111010 100111010 100111010 100111010 100111010 100111010 100111010 100111010 100111010 100111010 100111010 100111010 100111010 111111111 100111010 100111010 100111010 100111010 100111010 100111010 100111010 100111010 100111010 100111010 100111010 100111010 100111010 100111010 100111010 100111010 100111010 
100111010 100111010 100111010 100111010 100111010 100111010 100111010 100111010 100111010 100111010 100111010 100111010 100111010 100111010 100111010 100111010 100111010 100111010 100111010 100111010 100111010 100111010 100111010 100111010 100111010 100111010 100111010 100111010 100111010 100111010 100111010 100111010 
100111010 100111010 100111010 100111010 100111010 100111010 100111010 100111010 100111010 100111010 100111010 100111010 100111010 100111010 100111010 100111010 100111010 100111010 100111010 100111010 100111010 100111010 100111010 100111010 100111010 100111010 100111010 100111010 100111010 100111010 100111010 100111010 
100111010 100111010 100111010 100111010 100111010 100111010 100111010 100111010 100111010 100111010 100111010 100111010 100111010 100111010 100111010 100111010 100111010 100111010 100111010 100111010 100111010 100111010 100111010 100111010 100111010 100111010 100111010 100111010 100111010 100111010 100111010 100111010 
100111010 100111010 100111010 100111010 100111010 100111010 100111010 100111010 100111010 100111010 100111010 100111010 100111010 100111010 100111010 100111010 100111010 100111010 100111010 100111010 100111010 100111010 100111010 100111010 100111010 100111010 100111010 100111010 100111010 100111010 100111010 100111010 
100111010 100111010 100111010 100111010 100111010 100111010 100111010 100111010 100111010 100111010 100111010 100111010 100111010 100111010 100111010 100111010 100111010 100111010 100111010 100111010 100111010 100111010 100111010 100111010 100111010 100111010 100111010 100111010 100111010 100111010 100111010 100111010 
100111010 100111010 100111010 100111010 100111010 100111010 100111010 100111010 100111010 100111010 100111010 100111010 100111010 100111010 100111010 100111010 100111010 100111010 100111010 100111010 100111010 100111010 100111010 100111010 100111010 100111010 100111010 100111010 100111010 100111010 100111010 100111010 
100111010 100111010 100111010 100111010 100111010 100111010 100111010 100111010 100111010 100111010 100111010 100111010 100111010 100111010 100111010 100111010 100111010 100111010 100111010 100111010 111111111 100111010 100111010 100111010 100111010 100111010 100111010 100111010 100111010 100111010 100111010 100111010 
100111010 100111010 100111010 100111010 100111010 100111010 100111010 100111010 100111010 100111010 100111010 100111010 100111010 100111010 100111010 100111010 100111010 100111010 100111010 111111111 111111001 111111111 100111010 100111010 100111010 100111010 100111010 100111010 100111010 100111010 100111010 100111010 
100111010 100111010 100111010 100111010 100111010 100111010 100111010 100111010 100111010 100111010 100111010 100111010 100111010 100111010 100111010 100111010 100111010 100111010 100111010 100111010 111111111 100111010 100111010 100111010 100111010 100111010 100111010 100111010 100111010 100111010 100111010 100111010 
100111010 100111010 100111010 100111010 100111010 100111010 100111010 100111010 100111010 100111010 100111010 100111010 100111010 100111010 100111010 100111010 100111010 100111010 100111010 100111010 100111010 100111010 100111010 100111010 100111010 100111010 100111010 100111010 100111010 100111010 100111010 100111010 
100111010 100111010 100111010 100111010 100111010 100111010 100111010 100111010 100111010 100111010 100111010 100111010 100111010 100111010 100111010 100111010 100111010 100111010 100111010 100111010 100111010 100111010 100111010 100111010 100111010 100111010 100111010 100111010 100111010 100111010 100111010 100111010 
100111010 100111010 100111010 100111010 100111010 100111010 100111010 100111010 100111010 100111010 111111111 100111010 100111010 100111010 100111010 100111010 100111010 100111010 100111010 100111010 100111010 100111010 100111010 100111010 100111010 100111010 100111010 100111010 100111010 100111010 100111010 100111010 
100111010 100111010 100111010 100111010 100111010 100111010 100111010 100111010 100111010 111111111 111111001 111111111 100111010 100111010 100111010 100111010 100111010 100111010 100111010 100111010 100111010 100111010 100111010 100111010 100111010 100111010 100111010 100111010 100111010 100111010 100111010 100111010 
100111010 100111010 100111010 100111010 100111010 100111010 100111010 100111010 100111010 100111010 111111111 100111010 100111010 100111010 100111010 100111010 100111010 100111010 100111010 100111010 100111010 100111010 100111010 100111010 100111010 100111010 100111010 100111010 100111010 100111010 100111010 100111010 
100111010 100111010 100111010 100111010 100111010 100111010 100111010 100111010 100111010 100111010 100111010 100111010 100111010 100111010 100111010 100111010 100111010 100111010 100111010 100111010 100111010 100111010 100111010 100111010 100111010 100111010 100111010 100111010 100111010 100111010 100111010 100111010 
100111010 100111010 100111010 100111010 100111010 100111010 100111010 100111010 100111010 100111010 100111010 100111010 100111010 100111010 100111010 100111010 100111010 100111010 100111010 100111010 100111010 100111010 100111010 100111010 100111010 100111010 100111010 100111010 100111010 100111010 100111010 100111010 
100111010 100111010 100111010 100111010 100111010 100111010 100111010 100111010 100111010 100111010 100111010 100111010 100111010 100111010 100111010 100111010 100111010 100111010 100111010 100111010 100111010 100111010 100111010 100111010 100111010 100111010 100111010 100111010 100111010 100111010 100111010 100111010 
100111010 100111010 100111010 100111010 100111010 100111010 100111010 100111010 100111010 100111010 100111010 100111010 100111010 100111010 100111010 100111010 100111010 100111010 100111010 100111010 100111010 100111010 100111010 100111010 100111010 100111010 100111010 100111010 100111010 100111010 100111010 100111010 
100111010 100111010 100111010 100111010 100111010 100111010 100111010 100111010 100111010 100111010 100111010 100111010 100111010 100111010 100111010 100111010 100111010 100111010 100111010 100111010 100111010 100111010 100111010 100111010 100111010 100111010 100111010 100111010 100111010 100111010 100111010 100111010 
100111010 100111010 100111010 100111010 100111010 100111010 100111010 100111010 100111010 100111010 100111010 100111010 100111010 100111010 100111010 100111010 100111010 100111010 100111010 100111010 100111010 100111010 100111010 100111010 100111010 100111010 100111010 100111010 100111010 100111010 100111010 100111010 
