011011011 011011011 011011011 011011011 011011011 011011011 011011011 011011011 011011011 011011011 011011011 011011011 011011011 011011011 011011011 011011011 011011011 011011011 011011011 011011011 011011011 011011011 011011011 011011011 011011011 011011011 011011011 011011011 011011011 011011011 011011011 011011011 
011011011 011011011 011011011 011011011 011011011 011011011 011011011 011011011 011011011 011011011 011011011 011011011 011011011 011011011 011011011 011011011 011011011 011011011 011011011 011011011 011011011 011011011 011011011 011011011 011011011 011011011 011011011 011011011 011011011 011011011 011011011 011011011 
001001001 001001001 001001001 001001001 001001001 001001001 001001001 001001001 001001001 001001001 001001001 001001001 001001001 001001001 001001001 001001001 001001001 001001001 001001001 001001001 001001001 001001001 001001001 001001001 001001001 001001001 001001001 001001001 001001001 001001001 001001001 001001001 
001001001 001001001 001001001 001001001 001001001 001001001 001001001 001001001 001001001 001001001 001001001 001001001 001001001 001001001 001001001 001001001 001001001 001001001 001001001 001001001 001001001 001001001 001001001 001001001 001001001 001001001 001001001 001001001 001001001 001001001 001001001 001001001 
011011011 011011011 011011011 011011011 011011011 011011011 011011011 011011011 011011011 011011011 011011011 011011011 001001001 001001001 011011011 011011011 011011011 011011011 011011011 011011011 011011011 011011011 011011011 011011011 011011011 011011011 011011011 011011011 001001001 001001001 011011011 011011011 
011011011 011011011 011011011 011011011 011011011 011011011 011011011 011011011 011011011 011011011 011011011 011011011 001001001 001001001 011011011 011011011 011011011 011011011 011011011 011011011 011011011 011011011 011011011 011011011 011011011 011011011 011011011 011011011 001001001 001001001 011011011 011011011 
011011011 011011011 011011011 011011011 011011011 011011011 011011011 011011011 011011011 011011011 011011011 011011011 001001001 001001001 011011011 011011011 011011011 011011011 011011011 011011011 011011011 011011011 011011011 011011011 011011011 011011011 011011011 011011011 001001001 001001001 011011011 011011011 
011011011 011011011 011011011 011011011 011011011 011011011 011011011 011011011 011011011 011011011 011011011 011011011 001001001 001001001 011011011 011011011 011011011 011011011 011011011 011011011 011011011 011011011 011011011 011011011 011011011 011011011 011011011 011011011 001001001 001001001 011011011 011011011 
011011011 011011011 011011011 011011011 011011011 011011011 011011011 011011011 011011011 011011011 011011011 011011011 001001001 001001001 011011011 011011011 011011011 011011011 011011011 011011011 011011011 011011011 011011011 011011011 011011011 011011011 011011011 011011011 001001001 001001001 011011011 011011011 
001001001 001001001 001001001 001001001 001001001 001001001 001001001 001001001 001001001 001001001 001001001 001001001 001001001 001001001 001001001 001001001 001001001 001001001 001001001 001001001 001001001 001001001 001001001 001001001 001001001 001001001 001001001 001001001 001001001 001001001 001001001 001001001 
001001001 001001001 001001001 001001001 001001001 001001001 001001001 001001001 001001001 001001001 001001001 001001001 001001001 001001001 001001001 001001001 001001001 001001001 001001001 001001001 001001001 001001001 001001001 001001001 001001001 001001001 001001001 001001001 001001001 001001001 001001001 001001001 
011011011 011011011 011011011 011011011 001001001 001001001 011011011 011011011 011011011 011011011 011011011 011011011 011011011 011011011 011011011 011011011 011011011 011011011 011011011 011011011 001001001 001001001 011011011 011011011 011011011 011011011 011011011 011011011 011011011 011011011 011011011 011011011 
011011011 011011011 011011011 011011011 001001001 001001001 011011011 011011011 011011011 011011011 011011011 011011011 011011011 011011011 011011011 011011011 011011011 011011011 011011011 011011011 001001001 001001001 011011011 011011011 011011011 011011011 011011011 011011011 011011011 011011011 011011011 011011011 
011011011 011011011 011011011 011011011 001001001 001001001 011011011 011011011 011011011 011011011 011011011 011011011 011011011 011011011 011011011 011011011 011011011 011011011 011011011 011011011 001001001 001001001 011011011 011011011 011011011 011011011 011011011 011011011 011011011 011011011 011011011 011011011 
011011011 011011011 011011011 011011011 001001001 001001001 011011011 011011011 011011011 011011011 011011011 011011011 011011011 011011011 011011011 011011011 011011011 011011011 011011011 011011011 001001001 001001001 011011011 011011011 011011011 011011011 011011011 011011011 011011011 011011011 011011011 011011011 
001001001 001001001 001001001 001001001 001001001 001001001 001001001 001001001 001001001 001001001 001001001 001001001 001001001 001001001 001001001 001001001 001001001 001001001 001001001 001001001 001001001 001001001 001001001 001001001 001001001 001001001 001001001 001001001 001001001 001001001 001001001 001001001 
001001001 001001001 001001001 001001001 001001001 001001001 001001001 001001001 001001001 001001001 001001001 001001001 001001001 001001001 001001001 001001001 001001001 001001001 001001001 001001001 001001001 001001001 001001001 001001001 001001001 001001001 001001001 001001001 001001001 001001001 001001001 001001001 
011011011 011011011 011011011 011011011 011011011 011011011 011011011 011011011 011011011 011011011 011011011 011011011 001001001 001001001 011011011 011011011 011011011 011011011 011011011 011011011 011011011 011011011 011011011 011011011 011011011 011011011 011011011 011011011 001001001 001001001 011011011 011011011 
011011011 011011011 011011011 011011011 011011011 011011011 011011011 011011011 011011011 011011011 011011011 011011011 001001001 001001001 011011011 011011011 011011011 011011011 011011011 011011011 011011011 011011011 011011011 011011011 011011011 011011011 011011011 011011011 001001001 001001001 011011011 011011011 
011011011 011011011 011011011 011011011 011011011 011011011 011011011 011011011 011011011 011011011 011011011 011011011 001001001 001001001 011011011 011011011 011011011 011011011 011011011 011011011 011011011 011011011 011011011 011011011 011011011 011011011 011011011 011011011 001001001 001001001 011011011 011011011 
011011011 011011011 011011011 011011011 011011011 011011011 011011011 011011011 011011011 011011011 011011011 011011011 001001001 001001001 011011011 011011011 011011011 011011011 011011011 011011011 011011011 011011011 011011011 011011011 011011011 011011011 011011011 011011011 001001001 001001001 011011011 011011011 
001001001 001001001 001001001 001001001 001001001 001001001 001001001 001001001 001001001 001001001 001001001 001001001 001001001 001001001 001001001 001001001 001001001 001001001 001001001 001001001 001001001 001001001 001001001 001001001 001001001 001001001 001001001 001001001 001001001 001001001 001001001 001001001 
001001001 001001001 001001001 001001001 001001001 001001001 001001001 001001001 001001001 001001001 001001001 001001001 001001001 001001001 001001001 001001001 001001001 001001001 001001001 001001001 001001001 001001001 001001001 001001001 001001001 001001001 001001001 001001001 001001001 001001001 001001001 001001001 
011011011 011011011 011011011 011011011 001001001 001001001 011011011 011011011 011011011 011011011 011011011 011011011 011011011 011011011 011011011 011011011 011011011 011011011 011011011 011011011 001001001 001001001 011011011 011011011 011011011 011011011 011011011 011011011 011011011 011011011 011011011 011011011 
011011011 011011011 011011011 011011011 001001001 001001001 011011011 011011011 011011011 011011011 011011011 011011011 011011011 011011011 011011011 011011011 011011011 011011011 011011011 011011011 001001001 001001001 011011011 011011011 011011011 011011011 011011011 011011011 011011011 011011011 011011011 011011011 
011011011 011011011 011011011 011011011 001001001 001001001 011011011 011011011 011011011 011011011 011011011 011011011 011011011 011011011 011011011 011011011 011011011 011011011 011011011 011011011 001001001 001001001 011011011 011011011 011011011 011011011 011011011 011011011 011011011 011011011 011011011 011011011 
011011011 011011011 011011011 011011011 001001001 001001001 011011011 011011011 011011011 011011011 011011011 011011011 011011011 011011011 011011011 011011011 011011011 011011011 011011011 011011011 001001001 001001001 011011011 011011011 011011011 011011011 011011011 011011011 011011011 011011011 011011011 011011011 
011011011 011011011 011011011 011011011 001001001 001001001 011011011 011011011 011011011 011011011 011011011 011011011 011011011 011011011 011011011 011011011 011011011 011011011 011011011 011011011 001001001 001001001 011011011 011011011 011011011 011011011 011011011 011011011 011011011 011011011 011011011 011011011 
001001001 001001001 001001001 001001001 001001001 001001001 001001001 001001001 001001001 001001001 001001001 001001001 001001001 001001001 001001001 001001001 001001001 001001001 001001001 001001001 001001001 001001001 001001001 001001001 001001001 001001001 001001001 001001001 001001001 001001001 001001001 001001001 
001001001 001001001 001001001 001001001 001001001 001001001 001001001 001001001 001001001 001001001 001001001 001001001 001001001 001001001 001001001 001001001 001001001 001001001 001001001 001001001 001001001 001001001 001001001 001001001 001001001 001001001 001001001 001001001 001001001 001001001 001001001 001001001 
011011011 011011011 011011011 011011011 011011011 011011011 011011011 011011011 011011011 011011011 011011011 011011011 011011011 011011011 011011011 011011011 011011011 011011011 011011011 011011011 011011011 011011011 011011011 011011011 011011011 011011011 011011011 011011011 011011011 011011011 011011011 011011011 
011011011 011011011 011011011 011011011 011011011 011011011 011011011 011011011 011011011 011011011 011011011 011011011 011011011 011011011 011011011 011011011 011011011 011011011 011011011 011011011 011011011 011011011 011011011 011011011 011011011 011011011 011011011 011011011 011011011 011011011 011011011 011011011 
