010110111 010110111 111111111 111111111 010110111 010110111 010110111 010110111 010110111 010110111 010110111 010110111 010110111 010110111 010110111 010110111 111111111 111111111 010110111 010110111 010110111 010110111 010110111 010110111 010110111 010110111 010110111 010110111 010110111 010110111 010110111 010110111 
010110111 010110111 111111111 111111111 010110111 010110111 010110111 010110111 010110111 010110111 010110111 010110111 010110111 010110111 010110111 010110111 111111111 111111111 010110111 010110111 010110111 010110111 010110111 010110111 010110111 010110111 010110111 010110111 010110111 010110111 010110111 010110111 
010110111 010110111 111111111 111111111 010110111 010110111 010110111 010110111 010110111 010110111 010110111 010110111 010110111 010110111 010110111 010110111 111111111 111111111 010110111 010110111 010110111 010110111 010110111 010110111 111111111 111111111 010110111 010110111 111111111 111111111 111111111 111111111 
010110111 010110111 111111111 111111111 010110111 010110111 010110111 010110111 010110111 010110111 010110111 010110111 010110111 010110111 010110111 010110111 111111111 111111111 010110111 010110111 010110111 010110111 010110111 010110111 111111111 111111111 010110111 010110111 111111111 111111111 111111111 111111111 
010110111 010110111 111111111 111111111 111111111 111111111 111111111 111111111 010110111 010110111 010110111 010110111 010110111 010110111 010110111 010110111 010110111 010110111 111111111 111111111 111111111 111111111 010110111 010110111 010110111 010110111 111111111 111111111 010110111 010110111 010110111 010110111 
010110111 010110111 111111111 111111111 111111111 111111111 111111111 111111111 010110111 010110111 010110111 010110111 010110111 010110111 010110111 010110111 010110111 010110111 111111111 111111111 111111111 111111111 010110111 010110111 010110111 010110111 111111111 111111111 010110111 010110111 010110111 010110111 
010110111 010110111 111111111 111111111 010110111 010110111 010110111 010110111 111111111 111111111 010110111 010110111 010110111 010110111 010110111 010110111 111111111 111111111 111111111 111111111 010110111 010110111 111111111 111111111 010110111 010110111 111111111 111111111 010110111 010110111 010110111 010110111 
010110111 010110111 111111111 111111111 010110111 010110111 010110111 010110111 111111111 111111111 010110111 010110111 010110111 010110111 010110111 010110111 111111111 111111111 111111111 111111111 010110111 010110111 111111111 111111111 010110111 010110111 111111111 111111111 010110111 010110111 010110111 010110111 
010110111 010110111 111111111 111111111 010110111 010110111 010110111 010110111 111111111 111111111 010110111 010110111 010110111 010110111 111111111 111111111 010110111 010110111 010110111 010110111 010110111 010110111 010110111 010110111 010110111 010110111 111111111 111111111 010110111 010110111 010110111 010110111 
010110111 010110111 111111111 111111111 010110111 010110111 010110111 010110111 111111111 111111111 010110111 010110111 010110111 010110111 111111111 111111111 010110111 010110111 010110111 010110111 010110111 010110111 010110111 010110111 010110111 010110111 111111111 111111111 010110111 010110111 010110111 010110111 
111111111 111111111 010110111 010110111 010110111 010110111 010110111 010110111 010110111 010110111 111111111 111111111 111111111 111111111 111111111 111111111 010110111 010110111 010110111 010110111 010110111 010110111 111111111 111111111 010110111 010110111 111111111 111111111 111111111 111111111 111111111 111111111 
111111111 111111111 010110111 010110111 010110111 010110111 010110111 010110111 010110111 010110111 111111111 111111111 111111111 111111111 111111111 111111111 010110111 010110111 010110111 010110111 010110111 010110111 111111111 111111111 010110111 010110111 111111111 111111111 111111111 111111111 111111111 111111111 
111111111 111111111 010110111 010110111 010110111 010110111 010110111 010110111 010110111 010110111 010110111 010110111 111111111 111111111 010110111 010110111 010110111 010110111 010110111 010110111 010110111 010110111 111111111 111111111 010110111 010110111 111111111 111111111 010110111 010110111 010110111 010110111 
111111111 111111111 010110111 010110111 010110111 010110111 010110111 010110111 010110111 010110111 010110111 010110111 111111111 111111111 010110111 010110111 010110111 010110111 010110111 010110111 010110111 010110111 111111111 111111111 010110111 010110111 111111111 111111111 010110111 010110111 010110111 010110111 
111111111 111111111 010110111 010110111 010110111 010110111 010110111 010110111 010110111 010110111 111111111 111111111 010110111 010110111 111111111 111111111 111111111 111111111 111111111 111111111 111111111 111111111 111111111 111111111 010110111 010110111 111111111 111111111 010110111 010110111 010110111 010110111 
111111111 111111111 010110111 010110111 010110111 010110111 010110111 010110111 010110111 010110111 111111111 111111111 010110111 010110111 111111111 111111111 111111111 111111111 111111111 111111111 111111111 111111111 111111111 111111111 010110111 010110111 111111111 111111111 010110111 010110111 010110111 010110111 
111111111 111111111 010110111 010110111 010110111 010110111 010110111 010110111 111111111 111111111 010110111 010110111 010110111 010110111 010110111 010110111 010110111 010110111 010110111 010110111 010110111 010110111 010110111 010110111 111111111 111111111 010110111 010110111 010110111 010110111 010110111 010110111 
111111111 111111111 010110111 010110111 010110111 010110111 010110111 010110111 111111111 111111111 010110111 010110111 010110111 010110111 010110111 010110111 010110111 010110111 010110111 010110111 010110111 010110111 010110111 010110111 111111111 111111111 010110111 010110111 010110111 010110111 010110111 010110111 
111111111 111111111 111111111 111111111 111111111 111111111 111111111 111111111 010110111 010110111 010110111 010110111 010110111 010110111 010110111 010110111 010110111 010110111 010110111 010110111 010110111 010110111 010110111 010110111 111111111 111111111 010110111 010110111 010110111 010110111 010110111 010110111 
111111111 111111111 111111111 111111111 111111111 111111111 111111111 111111111 010110111 010110111 010110111 010110111 010110111 010110111 010110111 010110111 010110111 010110111 010110111 010110111 010110111 010110111 010110111 010110111 111111111 111111111 010110111 010110111 010110111 010110111 010110111 010110111 
111111111 111111111 010110111 010110111 010110111 010110111 111111111 111111111 010110111 010110111 010110111 010110111 010110111 010110111 010110111 010110111 010110111 010110111 010110111 010110111 010110111 010110111 010110111 010110111 111111111 111111111 010110111 010110111 010110111 010110111 010110111 010110111 
111111111 111111111 010110111 010110111 010110111 010110111 111111111 111111111 010110111 010110111 010110111 010110111 010110111 010110111 010110111 010110111 010110111 010110111 010110111 010110111 010110111 010110111 010110111 010110111 111111111 111111111 010110111 010110111 010110111 010110111 010110111 010110111 
010110111 010110111 010110111 010110111 111111111 111111111 010110111 010110111 111111111 111111111 010110111 010110111 010110111 010110111 010110111 010110111 010110111 010110111 010110111 010110111 010110111 010110111 010110111 010110111 111111111 111111111 010110111 010110111 010110111 010110111 010110111 010110111 
010110111 010110111 010110111 010110111 111111111 111111111 010110111 010110111 111111111 111111111 010110111 010110111 010110111 010110111 010110111 010110111 010110111 010110111 010110111 010110111 010110111 010110111 010110111 010110111 111111111 111111111 010110111 010110111 010110111 010110111 010110111 010110111 
010110111 010110111 010110111 010110111 010110111 010110111 010110111 010110111 111111111 111111111 111111111 111111111 111111111 111111111 111111111 111111111 111111111 111111111 010110111 010110111 010110111 010110111 010110111 010110111 111111111 111111111 111111111 111111111 111111111 111111111 111111111 111111111 
010110111 010110111 010110111 010110111 010110111 010110111 010110111 010110111 111111111 111111111 111111111 111111111 111111111 111111111 111111111 111111111 111111111 111111111 010110111 010110111 010110111 010110111 010110111 010110111 111111111 111111111 111111111 111111111 111111111 111111111 111111111 111111111 
010110111 010110111 010110111 010110111 010110111 010110111 010110111 010110111 010110111 010110111 010110111 010110111 010110111 010110111 010110111 010110111 010110111 010110111 111111111 111111111 010110111 010110111 010110111 010110111 010110111 010110111 010110111 010110111 111111111 111111111 010110111 010110111 
010110111 010110111 010110111 010110111 010110111 010110111 010110111 010110111 010110111 010110111 010110111 010110111 010110111 010110111 010110111 010110111 010110111 010110111 111111111 111111111 010110111 010110111 010110111 010110111 010110111 010110111 010110111 010110111 111111111 111111111 010110111 010110111 
010110111 010110111 010110111 010110111 010110111 010110111 010110111 010110111 010110111 010110111 010110111 010110111 010110111 010110111 010110111 010110111 010110111 010110111 010110111 010110111 111111111 111111111 010110111 010110111 010110111 010110111 010110111 010110111 111111111 111111111 111111111 111111111 
101001001 101001001 101001001 101001001 101001001 101001001 101001001 101001001 101001001 101001001 101001001 101001001 101001001 101001001 101001001 101001001 101001001 101001001 101001001 101001001 101001001 101001001 101001001 101001001 101001001 101001001 101001001 101001001 101001001 101001001 101001001 101001001 
101001001 101001001 101001001 101001001 101001001 101001001 101001001 101001001 101001001 101001001 101001001 101001001 101001001 101001001 101001001 101001001 101001001 101001001 101001001 101001001 101001001 101001001 101001001 101001001 101001001 101001001 101001001 101001001 101001001 101001001 101001001 101001001 
101001001 101001001 101001001 101001001 101001001 101001001 101001001 101001001 101001001 101001001 101001001 101001001 101001001 101001001 101001001 101001001 101001001 101001001 101001001 101001001 101001001 101001001 101001001 101001001 101001001 101001001 101001001 101001001 101001001 101001001 101001001 101001001 
